1.000E-03 
1.500E-03 
2.000E-03 
3.000E-03 
4.000E-03 
5.000E-03 
6.000E-03 
8.000E-03 
1.000E-02 
1.500E-02 
2.000E-02 
3.000E-02 
4.000E-02 
5.000E-02 
6.000E-02 
8.000E-02 
1.000E-01 
1.500E-01 
2.000E-01 
3.000E-01 
4.000E-01 
5.000E-01 
6.000E-01 
8.000E-01 
1.000E+00 
1.022E+00 
1.250E+00 
1.500E+00 
2.000E+00 
2.044E+00 
3.000E+00 
4.000E+00 
5.000E+00 
6.000E+00 
7.000E+00 
8.000E+00 
9.000E+00 
1.000E+01 
1.100E+01 
1.200E+01 
1.300E+01 
1.400E+01 
1.500E+01 
1.600E+01 
1.800E+01 
2.000E+01 
2.200E+01 
2.400E+01 
2.600E+01 
2.800E+01 
3.000E+01 
4.000E+01 
5.000E+01 
6.000E+01 
8.000E+01 
1.000E+02 
1.500E+02 
2.000E+02 
3.000E+02 
4.000E+02 
5.000E+02 
6.000E+02 
8.000E+02 
1.000E+03 
1.500E+03 
2.000E+03 
3.000E+03 
4.000E+03 
5.000E+03 
6.000E+03 
8.000E+03 
1.000E+04 
1.500E+04 
2.000E+04 
3.000E+04 
4.000E+04 
5.000E+04 
6.000E+04 
8.000E+04 
1.000E+05 
